+00.034 -04.344 +01.889
+05.370 -06.039 +04.358
-05.161 -02.177 -02.736
+08.753 +09.883 -05.385
+01.313 -07.255 -08.755
+05.232 +01.177 -09.449
+08.013 -02.777 -00.239
+06.789 -03.662 +02.107
-07.402 -05.407 +07.611
+03.341 +06.442 -07.649
+00.738 -08.017 -05.242
+09.704 +06.650 +05.687
+03.276 +03.428 +03.152
-03.373 +08.682 -06.176
+08.263 +04.005 +03.615
+02.236 -09.858 -03.255
-08.921 +00.335 +01.758
+02.013 +01.379 -08.220
-01.610 +05.182 -05.262
-03.110 +06.130 -03.138
+02.696 +00.942 -00.538
-07.369 -08.584 -03.262
-03.916 +01.085 +00.045
+02.047 +07.075 +05.830
-02.776 +02.557 -09.459
-02.950 +08.896 +00.954
+06.863 -01.733 +00.525
+02.776 +03.665 +03.918
+06.850 -00.375 +08.643
-06.615 -07.682 +00.409
-01.634 -02.911 -04.719
-08.795 +01.178 +00.282
-00.866 -05.619 +02.326
+00.161 +03.473 +07.604
+09.445 +01.919 -01.574
-06.646 +06.510 +09.381
-04.734 -00.429 -05.600
-04.183 -03.547 +02.058
+06.181 -09.404 -01.808
+09.272 -04.756 +07.266
+08.680 +00.117 +04.419
+08.713 -04.880 -04.628
-05.811 -04.980 +02.664
-06.621 -01.866 +09.640
-01.610 -09.390 +03.722
+09.511 +03.442 -02.256
+06.581 -05.248 +06.461
-08.123 -03.630 +03.544
+01.427 -04.510 +02.377
+07.837 +03.047 +02.797
-03.031 -04.498 +02.796
+04.103 +05.019 -05.450
-01.241 +08.799 -02.571
+05.052 +02.380 -02.395
-03.108 -05.631 -04.752
+04.704 -06.006 +01.343
-00.944 +00.381 +01.796
+05.043 -08.161 -05.205
+07.018 +03.715 -06.364
-06.492 +05.950 -00.451
-05.320 +05.400 +03.218
-05.104 +09.260 -06.415
+01.516 -04.454 +08.374
+09.968 +00.451 +06.711
-05.715 +04.056 -07.391
-02.676 -09.872 +06.648
-05.026 -01.719 +07.675
-00.957 +03.820 -09.741
+06.388 +08.367 -08.790
+06.727 +06.893 -00.328
-08.780 +07.771 -08.018
+05.407 -05.987 -09.626
-01.708 +02.902 -04.111
-09.235 -08.240 +00.485
+03.437 +04.456 -09.996
+02.853 -00.080 -00.399
+04.734 -03.670 -08.002
+09.313 +07.331 +04.632
+04.942 -01.469 -09.283
-04.239 +04.441 -08.900
-09.363 -09.336 -06.865
-07.339 -00.528 -05.733
+00.006 -05.011 -04.264
-00.479 -09.260 -02.597
+02.341 +05.081 -02.807
-09.131 -03.212 -02.757
-05.918 +00.426 +06.393
-03.238 +01.028 -08.447
-08.319 +01.178 -01.921
-03.888 -08.938 +03.273
-07.172 +03.480 +09.930
-03.703 +07.265 -07.493
+07.291 +06.556 +02.470
+09.916 +03.063 +04.032
+09.297 -09.227 -00.835
-08.387 +03.149 +06.659
-02.488 +03.600 -09.022
-02.854 +08.061 -05.917
+08.651 -09.758 -09.993
+05.833 -03.230 +07.383
